# File with (x, y) data
#
x=0.102871 y=8.12134
x=0.113526 y=7.98211
x=0.132912 y=2.67152
